80 80
19 46
63 29
61 21
44 47
13 46
65 43
8  8
63 24
16 38
62 25
11 36
10 10
10 41
10 44
11 54
9 57
61 38
11 11
16 16
66 25
10 52
21 41
20  20
8 46
66 28
64 21
12 38
13 49
8 46
61 36
22  22
65 34
20 55
18 58
21 52
21 53
30  30
59 24
40  40
63 28
11 48
9 49
16 39
46  46
10 35
64 39
50  50
39 14
11 58
14 42
10 42
38 9
69 32
44 44
71 30
29 20
38 11
27 21
55 55
11 53
44 55
14 57
64 20
18  18
61 30
41 24
29 23
63 41
61 61
13 51
36 20
35 23
34 18
37 24
38 56
37 60
47 54
45 48
44 60
39 51
43 52
37 19
29 10
58 39
38 61
45 63
41 66
40 55
49 52
44 53
59 30
66 39
8 35
10 38
68 30
61 28
62 30
69 24
36 10
35 26
63 38
57 39
58 43
67 44