iteration --> 0
original partition of points, k = 4
                                                                                
                                                                                
                                                                                
                                                                                
                                                                                
                                                                                
                                                                                
                                                                                
        1                          3          1                                 
                                                 3       3                      
          4                        3  4  21 3       1                           
           4                        1           2    22   2                     
                                      2                                         
                                              3  3 3                            
                                          3              1                      
                                                                                
                4                     42                                        
                                                                                
                  2                                       1                     
                                              2                                 
                    1                                  3                        
                                         4          43                          
                      4                                                         
                                                                                
                                                                                
                                                                                
                                                                                
                     1                                                          
                                                                                
          2         3  3                                                        
                              2                                                 
                                                                                
                                                                                
                                                                                
                  4                                                             
                       2  4                                                     
          3         1                                                           
                   2    1                                   4                   
         4 4                                            4    2                  
              2                                    2                            
                                        1              4                        
                        2                                         1             
                                                                                
                                                    2                           
                                            3  1     4 4    4                   
                                                2              2                
                                              4                                 
                                                      4                         
                                                                                
                                                    1                           
                                                  1                             
                                                                                
                                                                                
                                                                                
                                                                                
                                                       2                        
                                                                                
                                       4                                        
                                       2   4                                    
                        1     3                                                 
                                                                                
                     1      2 3     4 3                      3                  
                         1    4                                                 
                        4   22        3  2                                      
                    13                 3                                        
                                  1        3                                    
                         1  3          3                                        
                                            3                                   
                              1                                                 
                        1       1                                               
                                                                                
                              1                                                 
                                                                                
                                                                                
                                                                                
                                                                                
                                                                                
                                                                                
                                                                                
                                                                                
iteration --> 1
numChangedLabel --> 75
                                                                                
                                                                                
                                                                                
                                                                                
                                                                                
                                                                                
                                                                                
                                                                                
        4                          2          2                                 
                                                 2       2                      
          4                        2  2  22 2       2                           
           4                        2           2    22   2                     
                                      2                                         
                                              2  2 2                            
                                          2              2                      
                                                                                
                4                     22                                        
                                                                                
                  4                                       2                     
                                              2                                 
                    4                                  2                        
                                         2          22                          
                      4                                                         
                                                                                
                                                                                
                                                                                
                                                                                
                     4                                                          
                                                                                
          4         4  4                                                        
                              4                                                 
                                                                                
                                                                                
                                                                                
                  4                                                             
                       4  4                                                     
          1         1                                                           
                   1    1                                   3                   
         1 1                                            3    3                  
              1                                    3                            
                                        3              3                        
                        1                                         3             
                                                                                
                                                    3                           
                                            3  3     3 3    3                   
                                                3              3                
                                              3                                 
                                                      3                         
                                                                                
                                                    3                           
                                                  3                             
                                                                                
                                                                                
                                                                                
                                                                                
                                                       3                        
                                                                                
                                       1                                        
                                       1   1                                    
                        1     1                                                 
                                                                                
                     1      1 1     1 1                      3                  
                         1    1                                                 
                        1   11        1  1                                      
                    11                 1                                        
                                  1        1                                    
                         1  1          1                                        
                                            1                                   
                              1                                                 
                        1       1                                               
                                                                                
                              1                                                 
                                                                                
                                                                                
                                                                                
                                                                                
                                                                                
                                                                                
                                                                                
                                                                                
iteration --> 2
numChangedLabel --> 7
                                                                                
                                                                                
                                                                                
                                                                                
                                                                                
                                                                                
                                                                                
                                                                                
        4                          2          2                                 
                                                 2       2                      
          4                        2  2  22 2       2                           
           4                        2           2    22   2                     
                                      2                                         
                                              2  2 2                            
                                          2              2                      
                                                                                
                4                     22                                        
                                                                                
                  4                                       2                     
                                              2                                 
                    4                                  2                        
                                         2          22                          
                      4                                                         
                                                                                
                                                                                
                                                                                
                                                                                
                     4                                                          
                                                                                
          4         4  4                                                        
                              4                                                 
                                                                                
                                                                                
                                                                                
                  4                                                             
                       4  4                                                     
          4         4                                                           
                   4    4                                   3                   
         4 4                                            3    3                  
              4                                    3                            
                                        3              3                        
                        1                                         3             
                                                                                
                                                    3                           
                                            3  3     3 3    3                   
                                                3              3                
                                              3                                 
                                                      3                         
                                                                                
                                                    3                           
                                                  3                             
                                                                                
                                                                                
                                                                                
                                                                                
                                                       3                        
                                                                                
                                       1                                        
                                       1   1                                    
                        1     1                                                 
                                                                                
                     1      1 1     1 1                      3                  
                         1    1                                                 
                        1   11        1  1                                      
                    11                 1                                        
                                  1        1                                    
                         1  1          1                                        
                                            1                                   
                              1                                                 
                        1       1                                               
                                                                                
                              1                                                 
                                                                                
                                                                                
                                                                                
                                                                                
                                                                                
                                                                                
                                                                                
                                                                                
iteration --> 3
numChangedLabel --> 1
                                                                                
                                                                                
                                                                                
                                                                                
                                                                                
                                                                                
                                                                                
                                                                                
        4                          2          2                                 
                                                 2       2                      
          4                        2  2  22 2       2                           
           4                        2           2    22   2                     
                                      2                                         
                                              2  2 2                            
                                          2              2                      
                                                                                
                4                     22                                        
                                                                                
                  4                                       2                     
                                              2                                 
                    4                                  2                        
                                         2          22                          
                      4                                                         
                                                                                
                                                                                
                                                                                
                                                                                
                     4                                                          
                                                                                
          4         4  4                                                        
                              4                                                 
                                                                                
                                                                                
                                                                                
                  4                                                             
                       4  4                                                     
          4         4                                                           
                   4    4                                   3                   
         4 4                                            3    3                  
              4                                    3                            
                                        3              3                        
                        4                                         3             
                                                                                
                                                    3                           
                                            3  3     3 3    3                   
                                                3              3                
                                              3                                 
                                                      3                         
                                                                                
                                                    3                           
                                                  3                             
                                                                                
                                                                                
                                                                                
                                                                                
                                                       3                        
                                                                                
                                       1                                        
                                       1   1                                    
                        1     1                                                 
                                                                                
                     1      1 1     1 1                      3                  
                         1    1                                                 
                        1   11        1  1                                      
                    11                 1                                        
                                  1        1                                    
                         1  1          1                                        
                                            1                                   
                              1                                                 
                        1       1                                               
                                                                                
                              1                                                 
                                                                                
                                                                                
                                                                                
                                                                                
                                                                                
                                                                                
                                                                                
                                                                                
iteration --> 4
numChangedLabel --> 0
                                                                                
                                                                                
                                                                                
                                                                                
                                                                                
                                                                                
                                                                                
                                                                                
        4                          2          2                                 
                                                 2       2                      
          4                        2  2  22 2       2                           
           4                        2           2    22   2                     
                                      2                                         
                                              2  2 2                            
                                          2              2                      
                                                                                
                4                     22                                        
                                                                                
                  4                                       2                     
                                              2                                 
                    4                                  2                        
                                         2          22                          
                      4                                                         
                                                                                
                                                                                
                                                                                
                                                                                
                     4                                                          
                                                                                
          4         4  4                                                        
                              4                                                 
                                                                                
                                                                                
                                                                                
                  4                                                             
                       4  4                                                     
          4         4                                                           
                   4    4                                   3                   
         4 4                                            3    3                  
              4                                    3                            
                                        3              3                        
                        4                                         3             
                                                                                
                                                    3                           
                                            3  3     3 3    3                   
                                                3              3                
                                              3                                 
                                                      3                         
                                                                                
                                                    3                           
                                                  3                             
                                                                                
                                                                                
                                                                                
                                                                                
                                                       3                        
                                                                                
                                       1                                        
                                       1   1                                    
                        1     1                                                 
                                                                                
                     1      1 1     1 1                      3                  
                         1    1                                                 
                        1   11        1  1                                      
                    11                 1                                        
                                  1        1                                    
                         1  1          1                                        
                                            1                                   
                              1                                                 
                        1       1                                               
                                                                                
                              1                                                 
                                                                                
                                                                                
                                                                                
                                                                                
                                                                                
                                                                                
                                                                                
                                                                                
